12366
2479
9194
1023
5047
4029
2446
8331
7152
18607
2001
2802
6755
3032
865
7464
6503
11620
6299
4385
9492
3714
811
3750
7506
9048
4819
4131
2393
11261
1368
2308
776
3689
5046
8001
5896
1090
3349
7390
5274
3712
6363
7484
1331
5163
3870
6851
2877
1852
1602
4824
3656
2095
850
6217
3842
7100
16288
6713
6312
8221
1070
1679
7807
5347
19154
5384
8573
9152
2189
2932
10226
2719
12055
1649
12308
1762
12107
5830
6570
13669
1359
9233
3973
2577
2181
2092
1795
5171
11526
14023
17368
622
925
1791
3615
2644
4147
3618
2954
3218
1412
8662
11748
6931
4194
3294
3344
2848
4511
7323
5385
4005
6940
13137
5589
10346
4795
7395
1402
15205
7129
19478
2755
1813
6090
10044
9805
11549
7782
2556
1773
1455
7372
12344
2872
2482
10964
512
8969
10611
4517
5029
1011
6268
5033
8675
11425
3122
10369
10006
7552
13218
2544
1651
3210
11300
4232
6182
17121
10686
6394
4819
10059
6967
6344
9568
1217
8563
5976
732
9111
3308
16774
2436
8620
2018
1763
3529
5108
12924
2101
370
18301
3507
739
3804
3813
3878
6759
1902
4017
3077
10481
9051
5989
1031
9798
6163
11881
1629
2010
4213
6124
2919
4134
8272
2426
1584
6047
11267
876
7915
457
6432
3002
1912
5280
14817
4742
4591
389
2108
4159
5718
12950
374
1031
4632
1818
4557
6003
4074
1985
10857
2399
10326
8683
1801
9851
3160
5796
7801
4907
8364
2735
3846
7404
9499
1022
3970
1580
6296
2347
9092
5668
2686
2124
3998
5586
2177
8956
565
4490
3724
12178
1082
2195
6054
9711
4650
3276
3663
2484
1833
2307
2049
1382
2657
2918
22154
4676
6099
2114
5449
398
2838
15034
2074
3566
3169
8401
3584
4077
3259
9296
3179
5231
1611
4405
3573
5409
2598
3135
4912
1220
3255
6946
3189
10791
6018
7939
2690
5448
18768
1627
7212
6673
5329
4883
2449
9862
5430
5035
3338
3874
2124
1811
551
12051
2483
5903
2213
2582
2211
2821
4808
9958
2223
6779
7580
2223
1764
4126
1795
9881
26476
813
9050
1618
3139
1599
3309
7166
6543
7440
1300
7865
5117
3454
17633
4468
2056
3775
2077
2453
4198
2911
5570
1723
5800
3068
6933
1893
4131
4415
715
6839
3142
6138
18528
5701
1156
6597
5816
2477
506
13964
14700
6663
5482
5488
3394
542
10465
1544
11099
6081
660
6008
10455
1014
5389
2589
12435
6638
12752
10858
4941
8410
3001
9227
8264
3651
5794
10525
1512
7374
2801
10187
3149
17597
6517
6727
1830
5550
556
12920
3484
5983
1378
4593
1034
17600
5055
6696
4995
5670
14172
2521
1961
9109
10279
2774
6202
7842
4353
6253
3131
2403
4476
762
2633
1984
9171
9934
13814
9179
7102
2341
4467
3606
6298
10143
11767
15961
727
7503
16864
2865
9348
990
23067
3848
8926
5443
5349
6142
6757
10563
5287
3094
15221
4482
3326
2661
5927
2899
1068
244
11650
3862
12631
6896
4771
4037
4254
14581
4825
4322
2466
9132
4791
3181
6403
3296
566
2081
6163
5656
2463
10597
7966
4587
5867
9119
4202
2143
1709
521
1510
2521
2029
7072
303
2647
2446
5150
8234
1137
1716
8105
856
2725
3799
1537
2684
1399
4598
3214
10020
10396
2752
7287
1907
8368
18391
10150
4063
5190
6837
2384
6347
1882
5225
4273
1126
3712
8436
6163
788
1626
7462
6085
6733
9933
2542
20634
5640
6824
4690
3756
11073
8792
1088
5283
3558
10630
10805
9934
7367
1735
4385
9388
5163
1971
685
3106
1723
3400
7524
964
3937
10591
10693
4440
6803
20368
5180
12398
711
2220
8620
17341
982
4653
3334
12946
7239
16241
3763
2978
909
10696
5324
11844
3857
14236
4800
2697
1888
2595
3133
14452
2768
7961
1538
1646
3254
3710
9494
6807
7597
2937
455
3225
6743
10888
10063
1957
14928
7144
7243
2958
2376
383
1145
3851
11548
18021
10893
3829
17525
5954
219
4232
9495
517
10934
6343
16654
2829
6614
6335
6927
6465
2972
8757
10005
11315
3580
9805
11142
2003
9277
9948
907
4468
1153
11712
1254
4632
15295
14952
1228
7118
2237
2497
12875
8647
5720
4330
4881
1729
6436
3660
2417
1261
7046
14485
15821
6074
1446
3856
1131
6593
1119
6893
4131
2998
4035
4418
1024
15234
10039
3557
5083
5668
637
1594
7199
1262
6711
269
5654
1132
3601
3338
9388
15606
4419
13063
13611
2933
2343
15651
3601
2329
14132
7204
1250
2727
14646
2507
2583
4034
3873
11786
2563
15637
283
1658
3122
2939
8170
4383
1957
7416
11612
8717
5649
1762
4660
480
5902
11015
7850
3089
1790
6487
7285
1363
7004
1182
5276
9312
4264
5240
3811
13349
7103
3370
4970
727
3063
4673
8054
1794
4854
6201
12201
8081
17461
313
435
14603
3539
7204
4975
9168
8621
1745
4048
274
4000
4881
6548
2584
9353
2580
15857
2029
2141
7638
2514
8933
4897
15411
2422
2094
6753
1790
5268
2862
5869
2284
7808
1442
5783
4837
4060
4227
4042
4314
7858
1425
9653
400
4489
5764
3600
1555
4721
11498
7017
5657
11338
6450
676
5095
8898
12531
10266
10837
8300
10015
4329
1460
1532
3634
4486
11101
2361
1622
5529
6048
3172
4280
4875
9924
6968
6246
9962
4986
2549
1016
4379
3915
12352
3474
3448
5382
11837
3515
2072
1288
2962
15247
12925
6177
4722
5848
10754
8563
1400
4988
2319
2758
1369
2195
12509
801
5579
2979
1783
2546
8125
2550
2186
5663
4043
8113
6198
10210
1300
7416
3866
1510
4932
4122
2746
641
3470
3014
3705
2800
1663
12392
1501
3616
3411
3536
1121
4897
5939
3587
4101
6520
1312
3119
8810
12715
14934
5586
1503
4627
11789
2289
8162
2132
6708
1342
9825
12340
4571
7892
6318
14078
10563
804
1170
1010
3565
10064
8483
4371
4489
6920
2158
4785
3083
2116
1857
16121
3014
416
2729
9885
14593
783
4089
6471
4593
1906
9876
4727
10083
1587
7832
5770
6398
8102
6746
6572
1097
6919
7754
4024
7442
5138
1459
5195
6862
2009
2575
16341
9723
1925
12904
6913
2901
2133
4775
10035
3966
6079
3796
9576
5189
9666
5155
4700
13414
4422
4528
2579
9360
4078
3879
2195
785
19221
6464
10317
2853
968
1785
9554
1922
2007
6945
2072
5095
6307
7576
20647
1008
7352
7743
3854
10869
1821
8834
5055
1458
6980
2240
7291
8190
7824
2545
2394
11827
5226
582
10213
9767
1033
4899
1014
11897
1268
8943
12815
5475
509
7275
10942
6329
3104
3475
594
6423
13109
6864
1891
2420
967
2508
89
1023
849
2001
6628
1180
3987
1525
7050
1553
1907
7702
7099
6385
1935
1192
5278
3532
1863
9784
4288
324
4015
1097
9808
1328
5507
5643
6628
581
10908
14660
3237
2052
6393
1943
2982
7345
9398
11580
10509
622
400
7563
15104
11926
4350
5069
9720
7651
5551
1977
6605
9804
1380
1206
7415
4494
1955
4465
3471
10406
10471
14087
2213
4675
12237
700
3509
7842
3231
6597
5304
971
9163
8836
18105
4510
518
8090
1846
3571
1562
2553
7230
3535
3173
3534
12343
1829
9865
16588
9059
5946
1570
4532
2970
2525
4402
1130
7007
9761
5555
6399
12348
4075
9452
7872
4089
924
3195
9914
1039
13115
5222
4377
3284
3252
552
15015
7768
1931
5689
2663
7181
12256
13727
8829
2930
1957
2701
8486
6737
7593
2067
10191
3684
3956
2217
10095
1336
4354
3103
7004
1234
934
3340
16052
9922
5782
11073
5534
951
14598
3423
5101
1133
11747
9898
5530
14632
7075
5773
4877
4521
3574
7492
490
6681
4314
468
13171
9837
4212
2087
1768
6127
918
6230
732
5054
3109
1459
1962
504
6509
3181
2334
6939
2930
7563
2220
10180
2565
2153
4751
8036
8460
3144
1512
10529
6114
11462
10162
7515
1072
10583
6501
3041
4328
2686
2705
14446
6002
4191
5634
11277
5047
5890
3703
3473
3175
7226
1691
5352
1700
2640
1410
6214
4664
3893
3394
3986
797
6679
5883
10328
3137
1519
2571
4057
2977
7854
1510
2416
8845
2562
2486
1952
9447
3947
2292
5410
6514
15605
3405
3987
6506
7456
2399
3663
4691
18440
7062
7722
233
11216
19906
1896
10104
7476
2846
1764
2874
3561
9238
10640
1769
6573
8856
1627
4222
9253
3873
1629
9286
15217
15680
1252
1752
2098
6364
1992
1925
7115
3110
5756
4782
6157
6184
11767
10303
12039
1306
2437
3380
7179
4043
4104
2485
1236
3923
13696
6302
6596
5781
6085
3152
5359
4887
2485
2602
5879
14476
3038
13822
10548
8614
2565
1136
3511
1309
6796
1293
6082
3479
4764
8817
17218
5073
5941
3495
10081
15183
1581
2212
2684
3425
1350
2724
4452
7535
12596
2507
963
1087
3040
7653
3178
9118
6138
648
2711
11598
16365
4237
11529
4253
9418
8829
12415
3019
3813
5591
5178
11283
336
4992
3619
4726
12301
5632
4681
5071
2264
12607
2123
8280
12092
2594
3711
4393
3654
3181
4255
5094
2184
2997
15125
5643
3804
3109
8839
10188
5156
2556
2262
2168
4431
2002
1985
1828
7254
2512
7158
10227
1301
9517
1924
1905
12171
760
2184
8981
10954
14404
1420
13947
9473
6445
7413
7594
7173
11176
849
14330
7844
9383
856
12955
11560
3097
11067
7835
5195
5106
2552
4419
1898
3473
4931
936
1773
2909
1269
1864
1795
8401
5599
10846
2207
3650
8210
942
753
2974
1894
1335
6685
5025
13079
5353
15813
5427
2009
7691
17125
2925
4455
2992
4905
9123
1036
3885
7987
9548
6691
10617
10838
4099
7415
4408
7622
6069
1282
11975
1513
3437
1951
11577
1166
15058
2119
4690
8173
14104
2847
6818
13401
6270
11503
1456
1400
7457
6282
5229
11340
4087
6999
2367
2680
7142
1314
17485
3462
7930
5538
3474
6132
9223
8813
3852
344
4300
14732
14447
2037
4297
12098
8844
8989
11864
3239
4129
478
1887
5326
1660
6733
18208
9654
3643
1873
1885
3157
13556
2776
7110
2040
2432
1176
2580
9340
2411
11550
5900
8129
3957
1542
6608
8250
11583
1314
2776
2159
6374
2663
4115
1379
1468
602
6753
813
4450
7337
8783
4687
5038
6602
10508
15506
1683
3162
1831
7949
1417
3184
2491
2324
14225
1866
16007
7165
5088
6585
1090
8338
3242
12927
6787
7168
13264
16599
8825
5357
9332
13187
2266
4840
6376
2397
6954
1964
5720
21857
451
7657
1780
13063
8088
296
1452
3747
5161
6671
2359
10007
3679
4881
13108
6880
10689
4547
7859
10339
8935
13804
5267
2087
5872
3245
954
12524
6237
4682
2038
293
6847
970
16052
4489
3198
7612
12666
9455
8743
12331
981
1973
2880
6452
8858
9485
9388
10120
1087
942
9182
3021
1780
10681
1387
12829
2158
3884
1900
2931
1158
4448
10175
1940
1617
1840
7653
5426
4533
13928
10805
3254
1687
2988
2288
7215
2659
6363
755
2814
21288
6573
7122
5274
7281
14116
10331
1854
2318
3972
3687
2882
4748
1597
10767
4135
7658
5506
1545
1687
3783
9327
418
4447
3218
17562
2307
2303
7585
8746
3880
6893
6517
6954
7443
2531
5076
9459
1400
5454
2071
7643
623
3530
8228
4909
1979
6662
4901
5967
3673
1685
9162
12487
9229
2149
6122
8845
1084
2651
1274
2309
18605
614
1554
827
4380
1064
7464
6892
4227
3531
1357
6483
6324
2059
10519
13758
5430
4225
7645
2966
3334
1908
6874
2757
4055
3405
6547
8882
3764
3785
2799
4153
3232
8705
1396
1117
1134
1866
1192
14516
5729
6802
5665
8996
2408
9250
10637
6755
6358
4942
3397
20297
1836
2389
380
7222
6120
4894
9920
768
11853
3686
1233
4688
2929
2759
1766
4726
1580
3028
2168
13042
4890
886
1813
6022
1723
5863
1076
10737
1532
2831
1721
2291
1791
5931
7095
5444
1490
6197
5877
930
1212
8754
3346
2598
13884
5547
4957
1727
7462
4860
7701
3251
2021
5172
3473
7087
9588
1483
1242
1435
8365
6109
2579
9996
4085
1745
18053
7274
6761
1514
10321
7593
537
1397
1368
5496
571
635
7795
2275
7960
7425
3857
10501
186
16997
2348
6193
3188
12404
2015
4496
7696
3961
6412
14090
2160
2267
10361
1476
4254
2305
6058
11021
2564
5234
5490
1955
14201
2732
16294
5355
1011
4353
6374
3254
3899
754
1944
5111
1586
953
15109
3976
2323
9525
9761
1251
4785
8690
4986
1049
4920
10977
6609
2877
13680
8647
1306
4874
2667
2597
5234
3240
2578
1518
7378
2982
4628
2198
267
4150
4354
6263
7328
5022
11299
10505
5381
8856
8798
3810
4305
7072
740
416
1926
1993
1551
11961
5106
6560
345
2162
4282
5470
10414
2238
2329
2878
4035
434
1167
6131
4318
3049
947
5548
4397
8547
2839
7388
1015
614
9453
17527
29
3904
3774
4078
1884
8641
3347
768
6266
1953
473
9505
3130
7987
5835
942
1201
4523
4817
6931
4494
5711
8514
3226
1652
9882
7834
2979
21696
6983
7303
3035
9278
5010
1733
3831
1960
2510
2103
4120
3472
9869
1669
4058
2547
5408
13744
2747
3527
873
1485
4799
1664
9938
5277
5878
882
1471
1452
1540
3496
5587
8334
11316
2917
9079
2962
27501
597
1568
958
2861
1241
1452
3609
11959
11805
11489
2255
2249
6785
4155
4768
3309
3673
3045
2181
10076
19757
6533
5141
12949
3039
7128
9429
2767
1826
2978
7805
2702
12374
8920
6051
13270
4895
13444
4929
2173
2857
18648
4179
3705
7447
382
1748
7592
4317
5303
3875
5851
340
4336
5352
4747
198
5311
5256
8784
6958
2876
552
4028
12803
5520
5339
383
7196
2167
4463
3617
5853
959
8216
3560
4831
7651
5356
1276
1407
319
11820
1598
1341
13548
11728
6024
7650
3164
13019
463
1796
607
6237
1261
1463
384
6710
1139
7682
4985
2340
4935
9300
3044
6455
4296
5857
4111
1505
3752
1951
2143
13394
13561
11203
14546
6512
2808
1184
4787
10012
11538
4217
3347
5452
5537
2722
1609
1447
5899
1597
1184
9133
3260
7858
11031
9958
7362
3619
7421
2031
1949
6633
11122
5485
2730
13395
3282
9591
4852
395
1148
8547
5232
14108
1648
941
2385
12130
5389
15023
1995
4938
2554
6457
3486
2619
6956
826
1077
8653
7439
10053
606
11447
12506
3910
5643
5635
5912
2932
7501
6178
5385
1643
14135
4523
3066
7008
11592
508
6912
2431
15604
2834
4521
17325
1766
15297
1590
3220
5847
7270
5999
922
10638
3146
11979
5225
2047
2169
1764
9341
6214
7488
2768
2730
12908
6751
1964
1232
722
2989
583
7394
3995
5296
6473
5547
3208
12137
2820
4627
2819
7060
5106
5537
4233
6712
4346
9398
10460
3243
5124
4036
1394
1100
1251
5282
6367
4051
5810
1860
6264
6771
4973
1735
6531
1619
2002
7038
1031
4381
6231
1274
8654
9135
5236
9422
2425
647
8251
16346
3476
1254
4796
8415
9098
4603
1281
1739
7744
11308
7012
3954
2224
1378
1367
1671
11681
7470
3693
7670
3461
6170
2769
1226
2945
3431
1371
3347
7537
6840
3204
4132
8123
5447
22390
56
12353
5717
11789
921
3167
3433
13641
5070
2452
770
6574
2653
14588
11051
2253
803
12364
4866
4004
2790
10628
1587
11572
7381
1628
3696
1347
7081
6005
3352
5512
3480
1879
2506
10667
3134
4719
16153
14891
11271
8780
7691
5040
1301
3250
229
6388
4437
1605
3195
256
9046
2353
5625
4937
1626
11126
10147
5805
5205
3010
3416
910
5946
1061
10283
4977
8092
3568
2024
5144
1319
6797
2390
1603
6435
4343
10509
10722
2411
3345
8315
1923
4769
892
1338
4647
2702
246
7316
12425
1177
3957
7197
5379
2334
2053
10988
3459
2110
8611
2280
2792
9107
11575
5675
3445
9038
6207
8682
1600
6100
7642
16314
3039
1482
7937
2500
3157
2350
1977
6854
825
4533
8904
1636
1857
9572
4054
2557
6431
2659
2298
5300
396
7175
2042
3393
5263
1579
2698
1251
7013
3808
1840
1896
16574
486
8215
5315
7488
2402
1019
1153
3603
9016
7787
2258
2055
12777
7702
1008
10052
9216
9836
481
8699
3351
1373
1036
17985
7229
3533
2010
5344
3714
7802
5151
6277
7543
1768
11090
5000
9020
3683
1859
2745
2618
1516
6982
2752
4561
592
7036
10038
3312
7899
3348
2828
5436
6577
2732
1807
3285
3340
4671
8061
7584
5981
1189
3024
3154
2076
2835
13045
1154
15199
2377
9590
1125
1283
1938
2277
2841
1243
13128
3312
1448
6148
5307
12046
5045
984
3172
887
4710
2312
2390
1232
3015
10420
5665
1080
7921
4957
3990
6993
1797
5774
1193
1610
6447
4762
7079
5041
4078
8292
3975
2866
3937
4343
12270
4659
7509
1539
12749
878
215
5296
12281
6898
8963
5512
4864
2963
3001
1919
204
3683
3890
15901
1153
4196
1229
4484
9617
9272
6290
10279
3935
8384
4467
12925
139
14095
3376
1404
2140
12005
6201
9721
10756
1425
5305
3780
2309
1962
3787
4332
3455
22417
2726
10777
2170
876
14757
14861
2357
281
2636
2714
6767
1482
5052
6619
8882
8137
7913
2901
2955
6509
3830
1542
485
1424
4338
3395
4016
8096
3494
10429
8303
4543
375
2167
11555
555
9576
3904
6117
4593
10728
3937
2132
1694
9603
11480
3908
8839
3849
15782
15168
2629
1639
6046
1030
1612
1104
1466
1389
9691
5803
1589
615
5703
2884
9327
2334
2986
7907
3621
6768
4726
12092
2200
11270
4071
11650
5096
6459
2651
1739
798
7508
3468
6881
21675
12614
4863
8580
10274
10468
5175
5244
3156
13425
1216
6918
1937
13034
988
7539
6948
1834
3758
4932
8120
1352
6245
1527
279
16733
933
4152
6630
9582
5401
4497
5894
2691
15885
1753
1288
674
8279
9064
9346
701
8752
11776
9363
4174
6520
1890
3025
3775
5868
6843
7576
4132
7349
2405
8143
2640
641
904
17240
1537
6550
1449
6229
12233
5170
11650
670
10088
5119
13785
7522
8928
3955
5388
3388
9060
2604
1741
5907
1454
4710
6325
9666
9056
1682
5913
9354
9269
10937
2271
5708
4900
6817
4952
7742
1170
1826
2537
3493
2796
4996
5325
1409
8511
9678
8744
11207
6098
9295
3407
2994
2095
3085
1631
5815
6564
5603
540
11611
2332
6184
7171
1242
6047
5711
3146
2176
977
5989
2976
2055
6989
533
6615
10440
4286
2046
4124
5909
4955
13914
4673
7168
8540
1923
15938
4849
6384
7399
2587
13239
633
5420
872
4182
5039
2666
2474
8182
3114
2395
16055
7823
5304
1298
7880
3245
11969
3023
7417
8661
7591
1052
16910
1969
3594
19969
3594
5046
980
2639
3251
6230
5583
9540
2898
15955
1510
6204
2174
8876
9099
2853
1193
16814
6124
6089
2659
1488
2302
4839
9271
7599
949
3719
11702
12083
4044
9408
534
5979
8440
6534
11867
5305
7875
2167
8278
12160
2128
1069
7680
5069
2064
7963
3640
8915
2853
2350
1033
8922
3102
1794
3989
5011
2467
13220
652
16982
6496
1441
603
9866
6335
1652
9680
4945
3237
3127
1729
2152
5005
6754
8076
3107
4917
12860
3261
9949
2535
3229
1323
10051
10363
6178
4927
2627
7184
5280
5038
12274
4007
3769
18495
2067
2945
3881
4869
1309
5976
17896
3687
1259
5798
519
10757
3414
6447
2755
9953
6200
2073
6400
3760
9189
3506
4683
11367
1255
5079
5775
2222
6037
6754
3764
1624
7121
7428
9595
705
3099
867
4698
5636
13001
2162
3432
7567
1909
1337
10603
12206
4967
2299
4683
3606
11635
5549
990
5584
3607
4877
10673
9771
301
1052
3707
3274
3972
3260
10972
1481
3197
756
13221
8213
2575
12717
1200
3402
10375
10084
2077
8337
765
3385
1498
2519
21776
3309
6773
5581
9586
2060
2449
3726
255
1350
7894
12601
2009
8126
2280
912
3847
9868
2556
5861
6202
8235
3877
4815
3215
5975
1932
9096
4349
9272
8601
9271
1022
18090
16390
8615
10720
10353
1465
5531
3368
1932
8148
4456
3483
8306
4995
700
7828
7176
5658
4514
2059
1706
8872
11856
4156
3181
20838
392
2064
2999
8374
1391
3902
6435
1201
1155
4691
406
1079
9136
1464
7883
4529
1624
14381
5230
10970
7571
2160
4499
820
4648
2764
3566
833
3180
4810
9718
5528
7288
4265
7349
3748
5992
4685
3264
7555
7836
2173
10144
3988
8108
10414
7058
11092
4241
7109
8976
4991
9417
9364
9483
7217
8411
8319
5429
4157
1355
2616
3419
8503
3226
4984
3915
16671
9762
5940
7015
5959
13227
1955
4018
4297
12630
13280
5312
3073
5343
8515
3750
2620
3947
2649
1935
749
2455
7374
5047
250
4775
2960
8917
3452
15712
6748
1475
10752
1488
4612
6102
5814
7383
8668
1485
1024
994
13211
810
5929
10167
7543
1862
11525
24452
7820
1865
5221
8571
4908
4739
5185
11976
1276
11104
2235
8189
20291
2816
1201
11776
1997
492
2408
3384
1990
6443
553
2690
3093
4325
6558
7655
1324
6852
4653
4908
3593
3659
4656
7117
972
893
1728
7054
8270
4089
1205
11891
5400
8666
15645
466
2559
647
3466
4431
3890
4153
3866
1464
5948
5404
2989
1982
9200
9583
6023
8753
12448
392
8204
5880
3038
7007
559
4713
3057
7186
1103
10351
8349
1141
1838
1778
6872
5619
3622
2608
757
15128
3847
9155
2179
16820
24800
2501
3825
1481
8102
6297
1956
6281
8423
1334
10052
2651
4038
9034
2327
571
1532
14641
1024
4996
5458
1276
3861
1555
3986
939
11038
14720
293
282
7093
14270
4743
4538
9520
1540
11874
10619
5222
7215
8614
2262
989
7272
1049
3261
1694
3646
2443
4196
1029
4536
17061
4745
5438
3556
4106
9566
8042
668
12250
13002
2456
2753
13370
3538
5796
11400
7805
8503
11707
11058
9421
3422
3201
3401
1145
5804
5707
2755
2971
4600
5851
2974
10823
5187
9203
1694
3842
13451
4174
2272
10891
10480
3846
1515
3592
342
2113
5053
3972
6086
15687
7112
5200
5833
2266
7977
708
3371
5310
783
7200
7293
1562
481
8909
9615
8067
6889
2721
1792
6769
2575
2533
4617
352
1795
7608
10742
1125
7150
5190
9343
2034
3975
8682
8144
3541
15225
1836
6817
4303
8962
1431
1903
4777
18817
3793
5108
5343
752
3170
1312
4871
11315
2804
3029
5225
12266
12244
3844
2768
4294
2210
4846
5610
5488
6562
4560
8354
735
10239
10592
4928
597
4169
2061
11360
13997
10165
4747
1724
7743
6707
9730
4001
1637
7731
710
2077
7281
7216
12823
6158
1551
4668
2927
8960
9735
1483
10506
3758
4664
17566
8451
7105
3276
4780
584
5254
340
904
16775
3272
18267
3514
1705
5408
4211
4906
2490
7360
4353
2955
618
9934
6191
1383
7785
7253
452
11855
9201
4248
6258
3953
6031
16079
10875
1474
9965
3510
8535
8204
4140
3094
4876
4453
1987
9593
3083
8582
2143
9211
4277
4066
8799
7175
1621
13821
8440
4475
5283
4131
5185
4180
1516
2581
4720
1756
868
2308
3187
15500
5888
961
8880
7195
1838
10666
8737
13428
2922
4560
8393
10929
3209
10327
3688
1286
3234
16088
1318
7191
3922
409
4038
10252
3214
5776
5973
2603
1239
4665
3673
2746
7542
6135
8375
2738
6124
3822
2330
4797
1746
1620
2101
9013
9872
4992
2457
1643
3787
1598
519
2079
11120
432
4337
2855
6006
2763
1971
11511
2480
6737
4346
4915
4633
3410
7581
10129
2306
888
25304
3664
7953
10509
6161
2757
1526
10864
4423
8780
7403
4357
4182
5789
3856
2848
11185
2043
6754
835
16063
6727
1154
1994
8648
1930
4201
714
3399
13447
3285
2558
3215
6910
2847
421
2338
9381
5441
2324
828
5691
2684
1677
2188
7397
13042
12954
8006
1924
8785
2649
9737
11464
12835
5904
5869
1329
4201
2952
6424
636
2161
3674
3989
3993
12379
1553
2700
4077
10078
4121
2901
11343
2747
11986
4135
2437
5295
5398
3935
5654
9789
2556
771
1999
5777
9832
226
4771
1877
1794
3941
13497
2595
6597
975
1461
11130
1165
4683
6171
2197
1274
1469
2225
5530
4005
1406
6159
4616
2978
9134
3596
5405
12496
1865
8578
4038
6053
4794
1184
2064
4413
2551
2276
2800
5743
2979
9517
8875
2704
1639
2452
1915
2984
12085
7424
1671
3647
6400
5273
889
3596
1055
6471
1584
8561
6628
2460
6978
2138
5484
1326
4081
7121
5321
6083
6820
6524
8770
4496
2277
12752
8233
4613
11307
7919
4140
6081
3532
783
8389
6811
11144
1147
11815
4859
10548
18720
1446
1880
7872
9607
6218
4852
1668
1909
6860
1922
3030
5092
3500
10602
2799
1084
5157
2933
2935
2512
1011
954
1951
11145
2757
13750
2115
1309
1087
2160
1006
4862
4267
3880
11923
2971
5390
3466
12763
890
4681
17583
16921
10070
6193
1025
18841
4647
2576
2411
3393
3149
1235
3057
907
2901
7055
11334
3453
756
703
4913
7371
1940
3703
4848
2764
5778
7774
3016
4339
6889
5725
3304
1883
3877
8599
4940
2226
1983
3471
7573
15679
4233
3433
2620
9389
1283
7245
1784
4414
5716
4031
14167
3985
2172
3773
3024
1800
1851
16290
7500
2832
3482
15960
4609
1247
8618
1939
10483
12436
11499
10657
10058
3432
1422
4326
9706
1932
8920
9798
4956
11246
4331
10587
5359
1244
1504
6462
1029
6693
4551
2468
6653
8641
879
1526
6018
623
3504
6219
7037
12196
8104
3794
6667
8757
6726
7517
12220
5367
600
7596
4995
4560
1499
5071
11861
1692
5339
9532
3404
723
8745
2868
3674
1890
4951
2965
7304
7247
2622
3500
9084
9120
12447
1836
5418
1007
2748
4586
8563
12835
5756
2076
10136
3282
1866
12316
14440
6317
3662
6132
15308
4601
723
8060
648
1095
647
6367
2455
5847
1581
1408
3165
5972
6905
4593
7370
5842
2534
5311
6114
3198
2464
5091
3348
3043
3092
12735
8601
800
5597
952
7067
10652
1726
13646
9347
733
1910
2251
1929
4989
5355
11734
17479
3366
10289
511
9177
3028
4353
1593
4668
4584
3737
2466
5602
7932
7876
3450
835
16371
11547
5235
3526
943
9003
11728
4202
6252
4945
13724
2413
7239
1743
7641
6243
4929
5930
16044
10924
3793
4382
3336
759
7089
11979
2864
7146
3580
8925
6051
2885
10271
7032
2997
3172
4732
822
3976
8339
2826
5497
1246
1776
2653
6425
6086
12275
3354
3165
13463
5090
2380
10428
10052
5392
5881
2263
2942
2407
2017
6127
7566
8466
2677
7235
7668
1510
12323
2511
1386
2449
4530
3325
693
1644
3529
4091
15337
3297
4989
1575
7940
3821
3707
4657
670
3424
11350
1802
5954
64
3143
1773
6687
5551
15970
7593
2128
10242
6840
4769
5434
475
7123
7014
12476
2822
541
1163
848
8582
3486
1238
7548
5825
1784
6291
6063
7041
15240
1452
3895
15732
9690
12657
7824
7739
3568
2714
1850
3940
4459
4661
7515
2600
5144
1833
2393
4925
3659
4530
8447
6435
10356
2515
4371
7969
6149
7348
14192
10860
17121
9684
474
7241
3813
13014
1453
2585
4426
10219
7396
1991
10114
2911
6021
2888
3010
4281
3897
1564
1036
353
6126
6496
5185
3489
4332
8374
6426
6348
2241
3679
3414
2471
6307
21758
3067
5400
61
3293
7710
3512
1759
10418
1152
3651
5858
3910
2811
4599
4190
13138
1752
6188
2819
1597
3117
7102
2410
5058
7237
9501
2981
10052
3244
6311
6072
1714
15111
10015
2507
3691
976
8777
1643
662
15401
5182
896
4103
6441
13732
1074
662
974
8000
3408
3024
3381
2712
10538
7857
8596
7027
3996
1288
3847
8115
7535
6734
341
2411
12414
4537
1549
4490
2005
11652
5357
5350
6042
12723
3282
2527
2720
1969
4071
10521
4314
6217
969
5940
3878
1537
922
9004
1362
11514
2836
1147
3625
8195
3276
20464
1869
9811
4075
1791
12759
8673
11468
843
11816
5249
2531
11250
9124
3805
665
514
3135
3746
12497
4108
2744
3007
9613
8249
1579
434
1368
6604
1019
7555
6382
9311
4769
8321
7979
3015
4999
1956
9758
2311
6598
9079
4110
14204
1588
8564
2884
6437
2105
8441
9999
6957
4112
3383
8712
14164
2847
7779
6907
11587
1962
8146
1761
3023
3060
3934
6723
1969
5439
2509
8416
1721
768
3642
5788
1609
3925
5895
6639
8661
5823
6407
3185
13221
2836
4455
2918
6134
430
11324
19627
6075
2841
3697
6622
2797
19876
5264
5004
1449
1412
2230
8272
3116
8521
1725
5280
7858
6375
12482
3712
11898
1282
9331
6615
3661
4021
1769
4798
3854
5015
19518
7477
6004
4792
1438
9406
3977
7438
7169
13899
6158
1298
5061
5320
5505
2246
4291
3140
106
10432
3336
223
11012
5143
1515
505
1279
4061
6983
10506
11145
1238
5360
6849
6494
4576
2197
10838
5222
3708
3218
5525
3066
5187
3988
1570
6005
4121
1774
2219
3133
1720
12116
3585
6715
1845
772
1810
8619
8818
1215
1098
7970
15345
1497
8526
4355
1841
12269
1490
8248
513
2257
3211
2862
2993
4237
2607
3193
3983
4076
9473
11619
8441
2899
2371
27995
9546
9070
6649
5234
13410
4078
2784
8347
2449
2949
1729
8784
12043
7762
2046
2273
6642
10339
3522
8115
1258
5933
1353
2027
2857
9536
3815
2995
3304
3130
8700
2953
2934
13391
14533
3127
3207
5767
17838
7985
3457
12491
2098
1579
347
1090
3168
15471
5313
2366
9822
5741
11572
4085
1313
5695
1828
4068
2768
1577
2416
3979
3058
1651
2003
7660
558
6561
3010
704
2376
4087
1361
941
800
1000
1907
12431
4810
12273
6712
13171
5094
9382
1996
2641
2414
3414
695
1209
3111
5130
1829
9330
2022
6698
7797
1381
4205
7475
7705
11229
4166
3341
3645
5751
1740
4346
4602
1650
3942
1364
1192
11103
6748
2544
2913
6564
9935
2652
324
14215
4846
8799
851
749
6850
9539
8335
1440
6378
928
6289
12434
2776
1372
10947
4628
4138
9570
7305
7144
2171
6961
1399
9976
1760
369
3932
10390
1137
9991
838
10727
2818
10411
7078
10282
3336
3596
1186
11429
5393
7945
1836
10126
7452
8199
383
1103
892
4463
8217
5861
6818
4025
1940
5029
3632
3141
14341
10260
3669
2024
2750
3245
8001
2467
5545
3989
2830
2796
8393
9399
4750
10793
1421
3033
1712
10106
4824
8315
6118
3073
4851
4880
2723
4874
4160
4221
2891
15271
2597
1216
3658
10657
2656
10125
3682
9335
1747
11117
7498
3437
6063
1407
1340
2450
5094
18965
1683
2395
7006
11760
2409
4955
3700
669
4814
5038
3902
976
3646
3297
1627
8560
15998
7142
3144
6219
8795
6427
1086
11514
3009
682
2527
3644
1366
2737
9432
2069
4983
999
8184
4284
5301
3817
1898
5747
790
7698
10985
12766
1501
2218
8306
20169
7194
5639
10700
4025
7735
4938
1601
7008
10410
1662
374
4764
8468
12312
10353
4362
5188
2122
2041
9585
4155
3004
1451
2340
4303
3800
2044
694
5636
2405
8051
8000
6343
7354
4875
4512
3444
5691
8052
8416
18566
13871
10700
10771
588
7030
1003
1607
1447
6724
900
5603
5781
719
2296
11522
318
15290
11411
3605
2661
4133
4820
8197
2357
3557
3391
1901
2542
1884
4313
9042
7113
3427
3017
4222
3165
327
2409
426
3904
977
1294
1132
2802
3082
6099
8514
5273
7856
2015
3076
8597
4044
4896
2949
5375
8746
4334
5198
3932
4440
3368
2182
1129
7728
1472
3212
8221
1831
1830
9477
21506
8862
1451
1263
6807
3417
783
10192
3596
8519
3537
7429
4910
16028
6558
3748
1336
357
3440
2839
8425
10160
1564
6748
9965
10141
1476
7003
7101
3056
8464
1921
7869
3202
13789
8032
3561
2611
8745
971
2380
2273
4424
4226
7179
4792
2631
2142
9161
6878
17444
2059
524
1084
14621
3208
1920
5945
5506
3608
13646
6380
18390
2870
2750
5381
5393
2917
1822
2759
13693
9960
4843
13290
10014
1687
3224
2981
8797
2799
2387
2225
1987
8584
1425
6347
2432
2328
18824
4299
2849
14343
2434
3076
1313
9433
1044
2669
883
6381
3793
6615
5203
6253
15173
3565
1614
5452
1401
12103
930
3138
1024
7138
14427
2730
1860
1208
5344
1445
6884
6096
1555
14811
10990
2031
13259
10543
7301
9338
3620
3435
457
7537
12221
8540
9783
2789
6004
2092
4466
1715
6434
5781
7765
7277
4100
3827
3820
3282
1294
116
437
1384
1392
5330
8005
1840
4273
3277
7054
16590
1725
4630
5903
5390
7991
7158
611
2418
1813
3143
2396
6764
8794
9402
7477
3404
8241
2485
2648
6114
3402
12204
1183
5581
4898
4850
4952
14937
6806
4201
9841
5995
5848
986
4288
1958
1063
10407
2527
5291
6286
1735
8533
1800
283
966
7799
14157
1142
8415
3496
6132
1850
11861
1558
4055
10686
15636
4275
4183
9436
10599
2539
3102
7154
15611
12042
7898
2904
12515
5269
4751
6253
4493
1221
1238
4464
5852
2793
4766
2536
1928
6799
2489
8819
7077
9647
10775
1476
7232
5808
3678
11916
14407
4342
11559
10386
1868
3280
7986
10873
9986
4444
9459
10621
10536
5356
1574
6604
7480
6751
3851
842
2625
4302
2843
9738
7493
2585
11436
2017
591
3839
5575
4490
9497
2455
4442
10362
8057
3959
8198
7833
4795
11444
15976
11373
2002
2196
1781
817
342
5411
8006
4668
3910
12047
2196
4680
11773
836
4027
9481
3163
12507
7827
1167
3810
7760
8468
3652
11745
1881
8615
11761
872
5368
6471
2301
3889
5000
3905
7383
15945
7735
2957
885
7354
4843
5771
4414
5233
9728
12080
1441
2110
2556
3615
8474
573
922
6260
581
5801
16021
4207
2242
11299
3247
4973
11270
1768
6456
8863
1431
5723
3900
3231
2659
10709
3550
1620
9902
2692
5712
7703
7907
1320
5826
1296
2807
16859
10134
2535
9790
2487
12415
5014
4964
277
4183
1294
12758
2852
628
18000
10243
1351
3494
13060
11599
5603
10565
5429
4287
18783
8400
387
8150
13616
15722
922
9886
6111
6835
6115
1331
3318
8994
12884
1060
14580
3181
8148
2905
6866
4391
1730
9082
1060
12852
4333
8154
5813
1312
4234
5038
12765
7975
6536
12110
3998
7904
10769
6552
12086
2668
4369
5899
9701
3329
3624
11068
4549
18600
5218
8312
145
13078
8035
11336
5539
6485
2261
15291
3477
7620
13160
10422
5698
5884
4349
3113
777
2720
3164
14282
1239
22074
9230
9600
5408
6394
338
6742
1635
3901
11721
946
10162
1022
1212
5432
1602
2490
1704
2546
8825
5059
8924
2035
3757
1307
15606
3591
4908
1828
2219
4788
4180
3290
7072
7704
3305
5736
8562
10839
1420
6426
2391
2369
3029
3148
14815
2837
12642
2006
1832
10456
3206
7922
10350
6611
3896
2969
3262
882
3183
456
6605
4470
6486
20021
2602
2533
8989
3838
12610
2530
10600
523
6371
1548
7378
8500
12409
10223
766
1509
2732
1048
2567
5487
1746
9314
1973
2422
1697
5117
10809
6254
2247
2320
7226
2063
2388
4393
7846
1843
3451
2345
10716
911
276
4627
442
4125
3920
4946
7620
8226
6567
1058
5962
1625
2717
5874
5636
1726
5211
4311
9039
13623
10470
14902
3369
4023
426
8457
8215
11788
5057
1631
3954
9280
8696
9789
3046
1748
2082
7717
6604
12159
7724
4031
13634
5436
3151
2062
9424
5000
4392
9325
5974
1425
14643
4849
4643
1801
6000
8124
3743
4848
9899
12411
2507
6925
12771
3177
6392
2270
9381
14092
5023
15754
2113
2478
2484
801
6493
2943
6481
1568
826
4312
3431
5360
4500
835
7663
5123
2542
1841
9434
3569
3248
10389
4479
4243
7005
2718
8753
7820
2187
1703
2064
4434
12355
3440
12761
8415
9496
3210
3751
6437
2455
5726
11214
8123
10358
3541
3620
694
8713
2652
7234
3623
7489
2834
5577
4749
2113
497
8018
2755
8666
2056
1708
1895
4667
3441
6740
7272
13711
5080
4674
6898
4982
7176
7767
6411
1668
3070
4474
6852
3215
2557
7347
12852
1622
2507
1863
560
9874
6118
4484
1902
10631
2266
2237
2382
739
9317
1885
1536
9724
2637
3279
3677
5156
4603
9631
4840
6653
4193
5359
732
6435
2876
2770
8948
7960
2234
2742
1091
6735
4327
14001
7532
4630
9103
2503
4228
9147
7525
3237
6467
7017
8515
8053
8565
12658
11997
2766
10288
5681
1975
10585
9557
7386
3865
2358
7551
2497
1988
7070
2782
7465
1255
8742
1831
5845
7815
3816
2293
4982
951
1136
4450
1684
6970
4861
11478
7652
5276
12722
2691
13227
5228
1706
1197
2300
1778
10525
2843
10101
1677
2569
12205
14617
1732
1864
898
912
5033
6008
15784
4277
3222
13273
2863
7039
5209
2678
13726
932
5689
401
6502
11212
2656
778
2931
4032
2846
2694
5818
7677
1488
749
4807
5147
1755
16450
2031
10420
10339
2305
1020
4196
5687
5155
1683
4054
5354
1635
10027
1502
5903
628
7791
252
1008
9996
6389
2316
2060
11718
8245
5568
6459
12516
6935
12200
2818
7762
7023
16945
8291
4592
8583
1498
1745
2589
3522
3732
533
1115
753
3567
593
1249
6669
4387
2101
10796
4305
4649
3165
5031
5173
8373
1102
14738
2826
14967
5235
10271
2286
5285
1977
2793
3579
8854
4129
2878
9703
1217
3895
939
4087
3604
928
11116
1930
5921
738
2824
12993
7717
2614
3526
5007
2026
2114
11044
7554
5886
14063
2146
6443
2448
13408
12297
954
1569
3428
9921
7895
19312
4839
4145
3655
6828
4426
1355
17785
3835
424
4709
7791
2992
1824
1887
10752
16801
8551
2417
2756
1072
4765
10609
5017
984
10252
2446
4629
4426
3176
11263
3045
6599
2072
2782
2808
1168
3463
9295
3715
6590
6149
3802
4118
10771
9825
7993
3838
1315
3293
1991
3646
6568
3936
901
1420
5347
1725
10023
6899
805
12516
2733
14631
1402
470
2908
2161
11723
17594
7464
5366
9991
1984
1314
6531
3863
2876
7083
17767
6115
1167
1959
5308
4619
1904
10487
2563
6809
505
3298
894
8179
13892
2712
5281
5376
5065
2973
4945
7902
1120
9151
259
4215
4125
4863
4001
4701
8863
946
1429
1844
6177
8226
14592
4834
2448
4494
11819
4083
4666
1947
9107
855
7511
4612
3810
17191
2654
1250
1767
3269
2073
6470
3198
6900
7367
11245
7206
2749
10232
6558
7779
8904
665
5698
1077
3074
3201
1852
5402
5313
7333
4653
6434
5180
1856
7217
1484
7641
2098
8477
10573
13181
3831
2886
537
8721
895
913
1995
3879
17064
976
6061
3108
1770
2000
5465
2639
6669
6252
6734
7870
2998
8299
3221
2788
2997
7809
5625
2041
10042
3207
7022
4913
4264
1547
1309
4758
6095
8782
796
3638
2463
4260
5723
7376
9336
1667
6602
5186
14429
1590
4971
2497
859
2559
11941
1240
4105
2731
3090
3320
11362
13357
3014
2066
7129
5045
8763
1904
7082
1702
6615
10704
942
1844
7301
10573
3188
7938
1544
11363
1565
1471
872
8946
904
13866
9073
1352
3201
472
4928
650
15615
9918
9321
2762
3095
5886
9315
5556
1252
10262
2747
3570
3264
776
3249
1098
4658
676
7658
3512
5396
2726
11167
1927
6388
1979
3643
11935
6475
15937
5589
2964
3295
7927
16907
639
1986
6975
15881
695
2877
5802
4190
7472
2156
5386
680
1080
5173
4828
10325
12294
223
4138
3194
3678
16698
1937
9249
2441
6359
258
19686
1301
9730
6036
378
1276
3700
6959
1740
534
1050
5392
2016
3851
4054
1474
4528
13367
5119
12361
1344
8026
13827
3798
4867
9960
839
2757
12668
8904
6105
4346
6810
2178
1965
3905
2903
4471
8112
14781
1712
8531
10997
1614
12922
10872
10328
2451
9839
2153
3585
15510
2733
250
8209
16989
3476
1384
3202
3837
454
2310
5293
9258
6894
3969
3661
6486
4441
1518
793
5941
4938
2912
2137
3905
989
2286
6495
5213
7372
14971
1449
4872
2588
6758
5517
1400
3109
2254
5534
784
6576
1833
1684
2756
5776
9775
9427
5888
6422
8753
13834
3672
1307
1075
5454
16514
2980
2378
632
10265
11415
534
5267
6018
4317
884
12653
2845
8155
7163
1397
5062
709
2870
8090
2869
1360
21151
8016
3516
14301
7789
2040
9689
7243
10816
2349
1306
16516
1829
7395
1362
10587
9262
6601
4917
11882
5467
3233
5205
15010
2989
3284
5950
1018
2927
3784
2397
9927
1449
5326
5379
7048
13946
7543
6578
7841
4625
1359
5817
2027
3817
1160
4511
2501
6801
2568
2821
3286
10220
6448
3406
6189
1039
2639
1237
2916
1834
7938
17352
2594
8128
7358
5044
2380
4052
15587
7778
8352
3274
13899
1020
3338
8655
1930
3782
3205
5528
8031
3043
2312
7318
4169
5743
11560
1526
5761
2795
14160
1883
3441
1309
5939
7355
13895
2163
12924
3079
16254
2241
226
2780
8494
7408
6328
8873
2866
644
8906
3743
4802
8073
4143
2047
3103
1704
15565
8641
12074
4081
2031
3193
7858
1172
12949
3295
2128
1814
2179
1684
5077
11054
1921
1663
8299
3051
7478
3130
1632
1157
4819
4191
2439
3244
3729
3323
7941
6729
20254
5194
8202
23948
11366
5783
14124
8075
551
5751
8677
4488
6326
9693
18809
112
3778
15699
1450
12628
4310
5354
6126
9329
633
2128
3535
7080
2761
889
2305
8199
10271
20639
9419
2482
1975
5277
3865
2141
5127
1758
2245
2245
1945
6717
6988
2787
5610
13218
10119
8996
1517
2174
775
3101
1840
1907
9291
7054
8056
10238
4539
4334
18370
1632
1998
1330
17444
2576
1306
8210
8530
3444
12454
11144
3471
2208
1282
8402
5773
5481
14043
927
3556
828
9040
9121
5765
6576
5793
835
4000
2260
8425
2498
1612
6948
1905
1956
520
7835
11908
3166
5491
4436
7193
4985
3813
2308
2519
6237
3357
10706
2050
12137
4454
2801
1450
4673
5055
10692
2352
4316
1569
9027
5985
498
4144
12289
2213
3029
376
7219
3099
9816
2446
3937
8100
3247
6309
3830
11690
2231
3028
4046
1318
6374
9616
3538
3942
3831
2903
13861
6192
1744
7975
6430
15224
4978
2155
22414
12253
7430
6313
8758
925
5183
1606
7961
5333
8777
2033
6362
6651
2241
7223
1967
3875
3760
4057
15818
5968
6914
10631
1913
4559
9483
2267
4184
2084
598
7554
1025
7888
4742
5132
9741
4075
4432
2179
6212
8869
11625
4920
5279
19127
6930
1963
6852
5864
5227
1384
16359
4402
4295
2498
14410
2775
1695
7571
3698
1987
8352
5086
3641
5153
4249
9351
9749
3199
4232
2731
550
6100
10650
8449
1392
16310
6853
6232
300
4613
2651
3256
6382
5527
4540
7007
9878
13704
6729
1730
2705
7130
10030
18595
4921
7607
1779
11599
4898
9413
8836
6193
3714
1738
3855
8052
4646
3417
9503
10718
329
6868
9661
9669
4091
678
6228
973
15301
3594
1729
6645
266
5827
1970
6080
1906
12983
10580
1214
7637
3320
13857
7856
11542
1148
13343
1037
2569
9503
1705
9677
12850
4839
5292
4559
11587
14131
4107
1940
13408
5234
5943
9485
4988
18039
4831
1125
19556
1790
215
2089
1433
3930
1781
3415
6027
2899
4451
2636
1453
3050
6744
4661
2241
1438
2665
6431
5567
467
16609
9466
1263
12653
595
4647
11366
3493
8884
8875
1330
14651
6477
8085
5031
900
5013
5334
3929
2388
1141
8803
14011
16370
8845
2059
11977
1571
3026
1662
2897
6641
1038
6347
3731
12185
1119
4454
2208
3749
2386
7338
4808
7701
2218
2965
10461
7991
666
15112
2624
1068
11788
3882
10725
7635
2382
12662
3634
5315
1491
5764
2950
6173
4677
6644
2610
2985
1410
8421
5478
2430
690
8893
15145
6649
1652
3880
9276
10318
2211
7263
3494
2004
1884
3166
3698
2510
4113
11404
6584
8367
1353
1973
4484
2648
1832
18459
9460
1441
7998
6076
8490
4255
1832
925
13533
2673
2841
7634
124
3957
3089
1763
8503
4146
2486
6219
6449
10272
6927
2272
2407
1795
2593
1777
6930
7418
5539
4762
4768
9269
4457
3635
1502
1720
6799
4629
6855
156
2027
3220
1127
14365
719
2426
1958
6264
5295
2262
8260
13970
7793
8407
10005
5982
3482
2698
1983
12054
1854
11443
4242
12950
916
1076
3273
3566
4516
4773
360
3384
866
16141
9095
3878
1810
13518
2688
5143
2118
4198
9135
1537
4798
12046
3620
3339
10192
5186
4879
6370
806
8891
1313
717
11735
3313
2173
420
3664
3870
4469
2523
2791
5218
2769
5508
8840
15871
4192
2775
3052
3271
4941
1390
14570
1675
11805
6477
12064
3418
4858
662
3467
14443
6718
6449
3715
4596
9735
1925
726
3751
14078
10735
14497
10918
4705
3128
1007
638
13782
588
1179
5148
409
3302
2907
4459
426
7545
2180
5354
1194
10878
5974
8034
1471
1544
8529
9891
4737
6388
3566
5003
2750
11074
6064
8415
2402
3846
4894
2416
2723
4650
1523
842
5446
5409
11499
5194
5630
860
3859
4884
6609
8242
2439
4812
6831
2750
3555
2027
9917
2211
8803
5636
1985
11081
6105
3031
2595
14452
10292
1477
8740
4320
4621
8928
2050
2504
10360
6281
4151
2338
7095
53
2364
4486
316
1031
3770
2085
488
7858
5552
1069
5190
2740
3406
20740
203
1369
4580
6146
4287
2790
5013
4893
6413
5816
10330
9468
7423
2456
3368
1468
4879
10218
14244
4690
2800
2254
2511
8450
10862
5436
1192
3234
9416
7842
1703
5930
6160
6944
2315
1185
5533
1870
2356
1953
588
3209
1370
6499
8783
2584
2004
1747
1289
10855
10609
6632
13618
4108
2790
3608
6208
3237
4419
3525
5249
12265
1635
4527
13363
840
2101
1084
4359
8402
6029
7815
3949
9552
1139
893
1667
5018
8129
6617
1550
828
3914
1757
7508
4611
4720
11261
11828
3336
4901
14318
4784
511
12585
13418
5970
2171
3940
5195
11391
696
5476
2501
5472
6224
8592
4638
2361
5637
4997
5862
1616
2763
2344
3265
12474
5051
2975
2061
2939
623
5203
3127
5088
1219
2175
2857
10733
6347
4183
2221
1535
3592
8628
3898
4518
12820
991
6409
13886
5192
2881
4170
16973
517
10051
3423
2501
3327
8007
1991
3297
1382
1062
17214
13309
10232
1983
8889
1930
1665
5407
6627
1992
5771
6950
7977
2278
9962
6332
7595
17763
3305
17070
7702
11056
1565
5774
13976
8726
11227
3071
2735
4560
6642
3434
11905
1029
11569
2349
1401
10971
4792
12191
12208
1223
13095
3438
2115
5516
5875
4379
5438
1252
2881
487
7896
3854
1620
4050
6093
723
5264
3959
3858
3042
11178
2215
7883
3378
2929
4245
1058
16999
11838
1267
2263
1820
1566
12211
4864
4937
13494
6350
10332
9071
633
3948
3025
8929
2230
6842
13871
4473
611
2231
8748
12017
5929
4718
4501
3802
11063
13487
7206
15907
7277
5260
2591
4701
14447
2624
5180
725
12596
11519
5959
3736
7466
6687
723
2684
5576
546
18460
12256
6459
3264
11076
8315
1903
7438
7981
2523
1245
1411
8949
2881
5570
5354
12063
4313
2600
7941
1136
1065
3517
2997
8614
5786
4097
1604
1040
8512
4580
4074
2759
3404
1666
8717
2012
3698
8676
3532
10819
6224
1136
2420
3730
1350
4984
10396
7566
3135
3357
15113
4273
7742
4411
2301
3771
2833
2069
6334
6915
8305
6423
2408
6472
918
4318
251
12775
4503
2465
3684
7797
4059
3212
7706
10865
7202
15000
6719
698
12576
7743
1590
2144
1891
5439
13524
3635
19579
2650
6628
2344
11486
4099
2060
5904
522
1168
11474
1261
3339
2306
3784
3610
5021
4675
1000
9692
824
1981
2074
3361
3369
7470
15696
10260
2135
1732
3048
2584
7144
6933
2815
5728
4457
8306
2729
4988
7353
3358
1265
4445
6646
8800
10101
7024
930
7903
4204
1939
3227
1681
1318
9685
943
6872
1470
5479
4596
4363
4161
1209
3080
2717
3403
1378
531
583
7081
6899
5371
6271
5233
3069
3860
1525
1501
11768
15273
2316
9754
10824
792
5301
10377
4096
5364
9241
903
3474
2637
18626
2968
9494
2924
2379
8048
3653
1909
16655
2910
1380
14817
15866
3595
3106
7721
3430
5696
2716
8624
1747
7408
7647
5220
1866
3464
5298
5173
3158
3986
1130
2007
2265
2193
2218
8192
1421
2164
2809
1608
14116
7538
3097
1814
6899
3414
1326
5275
2348
1543
8139
5630
4082
3159
14383
4284
7175
4482
8640
10581
7497
945
10898
4451
1927
2764
3386
11293
2788
224
1227
3406
953
22979
590
4366
4218
4830
1612
9357
16344
10609
3361
802
7684
7550
4047
13661
1302
8712
893
5643
1773
14584
1987
4796
1003
14658
7253
3843
5146
1891
2798
10363
4819
8153
4197
1366
4568
373
7050
5565
4067
5775
9863
5967
11581
3647
7168
3149
6536
8931
5346
6609
10125
13359
1697
8824
1478
2791
8722
10045
1821
7689
7153
3122
1002
1490
6226
3411
2914
2483
7112
10115
22254
12102
2529
16375
6942
6674
1375
6028
14534
1254
9641
5333
6466
4750
3421
8225
2917
13821
6854
6718
8301
1302
2517
5354
4027
11883
1252
15636
2932
4749
1793
4038
2134
4705
12319
8523
1151
1770
4433
5658
4646
15304
2992
3892
1110
847
12343
388
15071
1505
2060
15413
2133
5614
4401
822
1264
12296
3173
6588
12093
1461
15261
1723
2011
2183
4285
321
15217
3872
3922
3202
2236
4469
8929
6173
5790
4812
530
8430
199
1192
3942
17499
285
6533
18464
3499
8547
5015
4525
424
3751
12320
5387
8784
1696
3826
1618
4684
6431
1246
3405
9587
1318
1859
7211
10308
17813
13108
3882
3683
6577
17527
1020
1935
10858
3191
1583
8317
4704
16202
3159
1002
9778
4457
3971
2519
3033
10243
2112
4611
958
5052
1743
4171
2415
5231
2213
13222
3319
4341
1800
4767
1125
8122
4358
12826
5775
2379
2111
12275
6437
5594
1635
2237
9578
6290
6561
4813
2143
1331
20021
5824
13424
7196
5232
3918
8982
6686
8656
4547
4938
2493
7215
13420
5317
16283
2746
14308
6155
7991
1343
2574
3957
6812
1339
2663
11014
3513
2187
5662
4362
4605
9719
11479
1415
2745
11682
4640
2349
9016
5169
3282
9433
2633
8925
15396
1772
5388
4027
2384
3800
4044
2159
440
7674
1583
4453
6809
1678
4900
7220
4340
9740
8580
4530
9363
3860
3628
3779
1891
2224
8916
6119
11799
9448
12355
6479
7228
10976
1693
6069
3928
5789
4102
10628
8105
16397
13849
3800
4196
8932
2921
7528
3244
9122
11853
4646
3458
8919
12695
2462
1693
3485
4002
2377
7998
13324
11521
4545
4510
3243
7938
2236
12218
5013
8063
3075
2614
6893
7560
682
6769
990
12430
10457
2148
7083
756
9442
4555
3737
393
12670
2700
8844
1557
4805
2638
8470
3499
15153
8994
3536
4009
3041
5147
9643
6977
7571
4099
18665
8713
9628
1192
1278
2829
2651
14409
2698
3133
3199
5791
4078
3664
1006
1517
685
4281
1693
3177
823
6336
2537
3855
15957
5025
9414
2843
644
3011
8159
2803
5231
3038
3775
5435
2191
4658
6017
1147
6273
9140
14065
6527
4397
7085
435
6117
8156
1569
1025
7681
8757
3638
11209
3744
2600
4105
2395
6066
4486
2765
1208
2306
4202
10899
9974
1662
6896
10960
14989
5764
6989
1873
11786
4380
7046
8990
8476
20039
501
4256
3519
5575
8364
8829
2366
13182
2770
3060
8060
3130
3702
13158
5827
3408
8066
7362
2919
6162
343
5992
1615
3162
7379
14140
6712
1019
5892
917
2354
5241
1204
1114
2453
1559
4510
6050
8084
10968
6970
7664
4405
19395
10961
13316
3846
8405
7010
1650
4515
6029
13669
3707
8960
3257
3647
24797
3206
2771
1431
1494
7265
4433
8322
300
19793
965
1233
10164
3308
4061
7333
460
791
2738
1695
2187
4001
427
1705
10655
5218
1843
3046
3931
2582
4073
6821
3889
6925
8450
9342
8246
3184
4811
1944
1806
2743
8772
5357
5364
3959
12759
2803
2230
3036
15006
3105
8461
13867
4834
1332
16246
6799
10975
5575
3142
6212
3365
2282
794
3740
15023
15393
4382
2409
5295
7625
10105
4373
8243
2478
7124
3148
1495
13061
4717
7275
16503
1549
2870
533
2867
11132
7183
14918
2180
4336
1745
13720
1140
9797
3234
10035
3053
4073
6342
17837
12768
9594
2563
8165
1323
3386
4173
1979
11095
2095
934
5484
10467
13447
3036
6197
972
2648
12276
2818
5488
5158
7931
9317
3926
1852
4525
7524
5389
1435
6883
4036
4593
8127
424
2124
5308
2640
6519
6777
1964
4279
2224
3500
4520
2102
13653
698
22278
1598
3491
1777
3078
3912
5331
9090
3571
5649
1809
1049
1715
3824
10755
8530
6676
15722
1569
4138
1005
1991
3456
1754
8719
5709
3783
3257
3853
1767
111
8292
1147
2397
3958
919
1100
7392
11284
3300
3809
11596
1809
2892
1756
1332
6634
4333
10547
3531
2789
5657
911
12068
7574
4172
15213
1002
13508
6603
6034
1601
1988
4627
3254
15952
1363
1781
418
2793
3572
753
5705
4481
3845
5488
5128
11847
1542
782
3836
11733
4937
3230
3312
3534
1935
5620
6110
2430
355
7500
1934
3314
18898
9812
14155
1659
1216
2899
9099
2885
10797
23784
3017
8148
2288
3386
982
12641
1839
6761
14952
3287
5762
4440
6687
8630
8398
4648
951
2668
11037
11039
5937
1843
17092
4078
5159
14708
1949
2423
3709
2921
3365
2439
6971
11144
3083
10434
1757
2926
1565
6490
24993
10185
12643
2438
1960
4436
7096
5521
13748
4823
2034
2159
13343
3551
9037
8943
13808
1670
5857
9619
886
12360
2942
2868
5406
5260
8113
4308
18302
2099
3233
5028
4786
3019
3628
3294
1881
7086
383
14910
14290
3865
7388
11551
515
5831
3934
7762
1015
3364
11185
7722
9436
7759
6926
11068
2956
3507
2456
7408
5439
4731
452
14187
14013
6973
6080
3795
3069
4085
14225
6451
3283
3459
6571
4097
1813
2098
2006
2038
3020
2720
4322
1817
7093
9815
2020
7727
4169
18513
7940
6362
4506
285
1476
3212
1356
3534
12795
3125
4644
7069
9744
822
4092
3881
8668
13325
18680
6015
5476
7459
4316
7630
4499
3224
5341
4132
3913
4950
9962
3605
3387
1356
9507
8331
2250
664
652
4865
19979
12457
7102
4038
2834
2253
11571
7310
13588
3072
11223
4355
3412
7134
1190
1665
4780
5073
7814
4428
4720
10579
694
6540
5067
3985
2007
10309
5227
5609
6163
1609
5505
10777
7382
7765
4849
14932
1819
8425
9670
9347
10819
289
4187
8919
2658
5428
9251
2092
4947
2189
6828
769
4457
11376
8146
1666
6004
12856
2410
5839
9487
2046
5327
16394
4499
2960
6753
1972
6214
3701
2310
11724
5705
2920
3585
11140
5924
6105
21042
949
12017
2759
4214
2365
1008
813
3800
1457
2865
11215
2498
5569
740
11880
18483
2016
7332
4152
6724
7909
8017
6716
9305
1148
3933
6349
2007
11680
1090
5988
8208
5060
6672
3312
6587
898
11086
3239
2333
3528
6237
2221
11014
5204
15273
4290
19145
7613
4907
6914
6383
1758
761
15722
5795
5238
1950
1219
10003
339
5680
4135
5465
8180
5131
3881
3362
4898
5568
3255
7163
7572
2343
1264
2119
3948
2034
1019
3089
492
10701
3183
6606
3690
9055
8402
4343
3940
8182
9824
13159
3450
6428
4887
6729
922
14103
8457
3007
13678
6417
8551
4441
12577
6800
828
1881
2322
6089
8620
7248
4713
4058
6176
4680
3976
3829
1433
2485
12884
8565
3836
10657
1655
4845
3626
3821
5775
1728
2789
4904
2224
1641
2652
2481
3063
7687
1771
4105
4124
8946
5113
8934
10728
4340
3107
2158
4234
4820
11169
6287
5846
8315
4648
7949
4878
1614
8277
5954
5387
10601
4443
5481
1373
2196
1987
2255
5401
1812
6551
3751
5385
3370
8543
1805
9237
2814
1039
6960
8602
6294
5593
6326
10026
2179
4529
3609
5015
10667
12838
4184
5000
1401
2295
14894
1637
13681
8536
2426
3850
6321
7139
3820
2033
10780
7546
4646
1705
10495
871
3006
15614
5202
12522
568
1787
587
2467
23374
6004
9893
5418
2780
12361
3330
3032
5306
4388
2097
5265
1793
5561
19134
1124
1445
1188
7399
9202
2580
3699
17104
1044
6489
10580
11553
1852
4780
3849
2460
12809
5838
8271
4927
5888
10532
6239
1780
1970
5146
10791
3229
1124
2957
4292
2052
6746
5991
1486
14043
14949
5601
1067
5023
2003
2612
1861
6549
3066
1656
2417
3899
7381
2456
14061
1724
14313
11609
14622
1020
4028
5781
309
1963
5943
8832
1921
3439
5642
6777
870
5066
903
3254
5584
15520
2704
3804
1186
3931
1402
1118
4333
3668
14353
2719
10979
766
11887
7222
1312
12540
6695
11812
3541
6431
2072
1103
2587
7888
10987
4780
1231
5942
4442
3131
6589
8654
6115
1710
455
115
9363
5957
5236
3256
14554
5154
13997
4302
10824
8378
5242
2270
9655
2700
1456
8909
1854
1693
7403
11722
3579
365
5257
1348
2841
1741
944
492
2540
5081
12081
5148
12257
8055
9276
12442
1023
3769
2165
5790
7150
4177
6342
11449
3962
1053
3785
2367
5265
6585
2228
17738
3297
4119
10734
5134
7538
8462
8338
5654
7317
6503
3067
5363
1983
7342
15321
2196
8940
2128
4280
9112
3366
725
14947
974
10326
2351
7507
3778
9168
2794
1573
8569
1736
1912
7343
6822
17964
1402
932
5742
5338
12467
3072
1329
7779
1310
12348
6683
11748
1745
1415
846
2869
5894
1828
1015
1507
10862
2181
9042
8500
3317
11163
13671
7669
12055
2506
2531
717
6961
7387
4957
1649
15084
2064
9073
6741
12017
3460
11295
11804
1536
1637
3507
1611
343
8973
8804
3400
3665
6248
12681
11232
1564
2115
715
15337
9664
2119
8131
8681
547
4620
2147
4214
6880
1971
2269
1364
10370
146
8906
6580
4825
10936
5080
2124
5682
11504
4360
9283
722
3515
2921
1261
706
1820
3413
7789
3123
10042
9004
602
7151
2598
3417
9465
5580
5601
4204
1337
11311
3544
2410
6630
10684
12742
1928
6983
2544
8549
6013
592
2298
1418
12294
2742
8686
220
3712
5460
2032
3536
1905
8971
10625
1472
9195
5350
6674
12654
6264
4470
9897
1767
8524
11297
879
4018
258
6407
5202
6437
4612
4887
8430
13962
6036
5933
10250
3375
4756
2805
14823
4292
13519
2470
12499
3743
2575
4997
186
1603
12413
10946
4964
5521
3443
5423
7671
918
3270
1894
8812
11078
3881
4164
4877
4317
5325
17921
1384
16683
10362
4342
872
14125
5123
3755
930
2138
4794
1892
3665
7380
13317
9400
1615
1957
1948
8813
1284
2899
7092
659
11671
2977
4430
2154
1226
4930
5599
2212
2411
8603
5117
6357
9601
4092
4840
10310
2488
13404
14871
6381
11216
3653
6850
4148
1919
4882
6919
5890
1506
507
7824
7462
7311
5414
8347
1673
10745
434
5276
7523
14514
10326
1397
9058
12567
1708
2451
2161
1213
15494
2469
2350
6752
9745
5969
2084
516
3090
5348
4704
4028
1431
5510
4004
3469
1731
4514
4215
7651
9314
2491
5889
797
11477
7130
5965
509
9689
8192
5445
1426
6962
1067
8265
18987
8943
2494
1703
13254
1659
1033
6962
7909
1981
4904
17540
7303
5154
7911
7630
3913
7550
8790
8311
6374
2382
7923
6518
2098
3547
3784
3936
8851
3363
2075
10972
16462
4603
2415
7153
2057
1485
1992
6029
3115
5448
6349
5507
11711
15270
3667
1120
5986
7901
10174
5238
8590
697
7189
6389
7212
4719
14929
1843
3070
2212
5217
1166
1601
10669
1503
1821
9035
3386
1573
5746
6982
5172
3322
6569
7613
3647
5582
1709
1400
6924
10083
1209
1987
3221
16952
13451
4160
2892
3566
7736
21970
1372
5287
1750
4578
7851
2276
2532
1963
1124
2382
1377
13138
2017
2371
11499
4444
4516
1704
1460
2727
9034
8565
9309
2345
2963
3579
20066
4835
4699
3970
4578
4523
3823
6612
5552
2427
2427
9170
5682
7452
3529
4023
285
12681
5931
782
3080
4627
7604
3405
6244
141
8803
13910
8015
9547
7572
3310
4874
4596
5665
4188
1868
7550
9768
14868
292
9373
666
7714
3861
1447
1569
351
7140
3370
2152
2001
10850
2171
14437
3686
1707
3081
2211
835
5177
10125
1444
7703
4277
4651
1560
4132
9408
2865
4781
9446
905
2109
2330
8140
12089
12903
3310
1717
6859
445
13612
5373
9610
1302
9578
400
9582
4274
600
3425
8212
4144
5052
7978
17811
8976
3650
1283
9574
678
271
4620
2134
5818
4957
3035
1014
1135
1394
6256
14353
3126
5540
2140
11429
14724
3646
5098
1500
6709
3804
4698
6792
9029
4338
17698
9030
3418
12446
2890
6791
2958
143
1851
3269
5468
1738
11807
4330
11469
12777
1804
3055
782
2006
1073
1745
2789
6219
12367
3417
956
6496
8572
2261
2014
14217
2635
12085
1690
491
255
2110
11694
11271
647
11278
6770
2482
7117
3333
15432
1141
5298
5710
